Merge: 00:00:00.0003208
 orderby:00:00:00.0000075